0.9973533337313275
0.996497849048095
0.9973533337313275
0.9968089343874523
0.9956423643648625
0.996264535043577
1.002408470495883
0.9959534497042198
0.9957201356997019
0.9958756783693805
0.9981310470797207
0.9992198457674711
0.9957979070345412
0.9980532757448813
0.9971977910616489
0.9964200777132557
0.9946313370119514
0.9951757363558266
0.9954868216951839
0.9983643610842386
0.9968867057222917
0.9960312210390591
0.9951757363558266
0.9944757943422727
0.9971977910616489
0.9975866477358455
0.9961089923738984
0.9995309311068284
0.9963423063784164
0.9960312210390591
0.998675446423596
0.99820881841456
0.9950979650209872
0.996264535043577
1.0009308151339362
0.996497849048095
0.9954868216951839
0.9954868216951839
0.9957201356997019
0.996731163052613
0.9960312210390591
0.997975504410042
0.995020193686148
0.9957201356997019
0.9944757943422727
0.9985976750887566
0.9961867637087377
0.9971977910616489
0.9974311050661668
0.9954090503603445
0.9958756783693805
0.996497849048095
0.9963423063784164
0.9964200777132557
0.9957201356997019
0.9957201356997019
0.9961867637087377
0.9973533337313275
0.9972755623964882
0.9964200777132557
0.9954090503603445
0.9995309311068284
0.9953312790255052
0.9957979070345412
0.9971200197268095
0.9961089923738984
0.996264535043577
0.9949424223513087
0.9985199037539173
0.9954090503603445
0.9966533917177737
0.9964200777132557
0.9957979070345412
0.9946313370119514
0.9952535076906659
0.9961089923738984
0.9978977330752027
0.9957201356997019
0.998442132419078
0.9957979070345412
0.9950979650209872
0.9953312790255052
0.996264535043577
0.9958756783693805
0.9975088764010062
0.9968867057222917
0.996264535043577
0.9955645930300232
0.9963423063784164
0.9970422483919702
0.9977421904055241
0.9958756783693805
0.9975088764010062
0.9965756203829343
0.9954090503603445
0.9963423063784164
0.99820881841456
0.995020193686148
0.9959534497042198
0.9959534497042198
